4, 50, 0, 1 -- 0.81, 0.002; 0.715, 0.002; 0.325, 0.006
4, 50, 0, 2 -- 0.883, 0.001; 0.759, 0.001; 0.327, 0.006
4, 50, 0, 3 -- 0.897, 0.001; 0.766, 0.001; 0.305, 0.006
4, 50, 0, 4 -- 0.899, 0.001; 0.766, 0.001; 0.297, 0.006
4, 50, 1, 0 -- 0.583, 0.002; 0.583, 0.002; 0.083, 0.006
4, 50, 1, 1 -- 0.707, 0.002; 0.665, 0.002; 0.243, 0.006
4, 50, 1, 2 -- 0.747, 0.002; 0.69, 0.002; 0.273, 0.006
4, 50, 1, 3 -- 0.753, 0.002; 0.694, 0.002; 0.276, 0.006
4, 50, 1, 4 -- 0.753, 0.002; 0.694, 0.002; 0.277, 0.006
4, 100, 0, 1 -- 0.881, 0.001; 0.801, 0.001; 0.405, 0.004
4, 100, 0, 2 -- 0.924, 0.001; 0.833, 0.001; 0.377, 0.005
4, 100, 0, 3 -- 0.931, 0.001; 0.837, 0.001; 0.354, 0.005
4, 100, 0, 4 -- 0.932, 0.001; 0.838, 0.001; 0.35, 0.005
4, 100, 1, 0 -- 0.615, 0.001; 0.615, 0.001; 0.125, 0.004
4, 100, 1, 1 -- 0.783, 0.001; 0.741, 0.001; 0.334, 0.004
4, 100, 1, 2 -- 0.815, 0.001; 0.765, 0.001; 0.352, 0.004
4, 100, 1, 3 -- 0.818, 0.001; 0.767, 0.001; 0.35, 0.004
4, 100, 1, 4 -- 0.818, 0.001; 0.766, 0.001; 0.35, 0.004
4, 200, 0, 1 -- 0.927, 0.001; 0.874, 0.001; 0.459, 0.003
4, 200, 0, 2 -- 0.95, 0.001; 0.892, 0.001; 0.418, 0.004
4, 200, 0, 3 -- 0.953, 0.001; 0.894, 0.001; 0.399, 0.004
4, 200, 0, 4 -- 0.954, 0.001; 0.894, 0.001; 0.395, 0.004
4, 200, 1, 0 -- 0.653, 0.001; 0.653, 0.001; 0.177, 0.003
4, 200, 1, 1 -- 0.854, 0.001; 0.82, 0.001; 0.419, 0.003
4, 200, 1, 2 -- 0.874, 0.001; 0.837, 0.001; 0.423, 0.003
4, 200, 1, 3 -- 0.875, 0.001; 0.838, 0.001; 0.422, 0.003
4, 200, 1, 4 -- 0.875, 0.001; 0.838, 0.001; 0.423, 0.003
8, 50, 0, 2 -- 0.719, 0.001; 0.604, 0.001; 0.229, 0.006
8, 50, 0, 4 -- 0.835, 0.001; 0.647, 0.001; 0.261, 0.006
8, 50, 0, 6 -- 0.856, 0.001; 0.653, 0.001; 0.229, 0.006
8, 50, 0, 8 -- 0.857, 0.001; 0.654, 0.001; 0.224, 0.006
8, 50, 1, 0 -- 0.537, 0.001; 0.537, 0.001; 0.032, 0.006
8, 50, 1, 2 -- 0.65, 0.001; 0.591, 0.001; 0.206, 0.007
8, 50, 1, 4 -- 0.691, 0.001; 0.608, 0.001; 0.251, 0.006
8, 50, 1, 6 -- 0.691, 0.001; 0.608, 0.001; 0.241, 0.007
8, 50, 1, 8 -- 0.691, 0.001; 0.608, 0.001; 0.24, 0.006
8, 100, 0, 2 -- 0.774, 0.001; 0.645, 0.001; 0.289, 0.004
8, 100, 0, 4 -- 0.873, 0.001; 0.689, 0.001; 0.281, 0.004
8, 100, 0, 6 -- 0.886, 0.001; 0.693, 0.001; 0.248, 0.004
8, 100, 0, 8 -- 0.887, 0.001; 0.693, 0.001; 0.245, 0.004
8, 100, 1, 0 -- 0.548, 0.001; 0.548, 0.001; 0.046, 0.004
8, 100, 1, 2 -- 0.692, 0.001; 0.623, 0.001; 0.246, 0.005
8, 100, 1, 4 -- 0.728, 0.001; 0.639, 0.001; 0.275, 0.004
8, 100, 1, 6 -- 0.729, 0.001; 0.64, 0.001; 0.274, 0.004
8, 100, 1, 8 -- 0.729, 0.001; 0.641, 0.001; 0.278, 0.005
8, 200, 0, 2 -- 0.828, 0.001; 0.694, 0.001; 0.342, 0.003
8, 200, 0, 4 -- 0.905, 0.0; 0.735, 0.001; 0.303, 0.003
8, 200, 0, 6 -- 0.912, 0.0; 0.738, 0.001; 0.274, 0.003
8, 200, 0, 8 -- 0.912, 0.0; 0.738, 0.001; 0.271, 0.003
8, 200, 1, 0 -- 0.562, 0.001; 0.562, 0.001; 0.059, 0.003
8, 200, 1, 2 -- 0.734, 0.001; 0.659, 0.001; 0.285, 0.003
8, 200, 1, 4 -- 0.764, 0.001; 0.676, 0.001; 0.305, 0.003
8, 200, 1, 6 -- 0.765, 0.001; 0.677, 0.001; 0.305, 0.003
8, 200, 1, 8 -- 0.765, 0.001; 0.677, 0.001; 0.305, 0.003
16, 50, 0, 4 -- 0.668, 0.001; 0.556, 0.001; 0.172, 0.007
16, 50, 0, 8 -- 0.806, 0.001; 0.591, 0.001; 0.224, 0.006
16, 50, 0, 12 -- 0.831, 0.001; 0.596, 0.001; 0.176, 0.006
16, 50, 0, 16 -- 0.831, 0.001; 0.595, 0.001; 0.173, 0.006
16, 50, 1, 0 -- 0.517, 0.001; 0.517, 0.001; 0.014, 0.006
16, 50, 1, 4 -- 0.641, 0.001; 0.561, 0.001; 0.28, 0.007
16, 50, 1, 8 -- 0.683, 0.001; 0.574, 0.001; 0.333, 0.007
16, 50, 1, 12 -- 0.684, 0.001; 0.574, 0.001; 0.334, 0.006
16, 50, 1, 16 -- 0.684, 0.001; 0.574, 0.001; 0.335, 0.006
16, 100, 0, 4 -- 0.696, 0.001; 0.57, 0.001; 0.191, 0.005
16, 100, 0, 8 -- 0.833, 0.0; 0.608, 0.001; 0.215, 0.004
16, 100, 0, 12 -- 0.852, 0.0; 0.611, 0.001; 0.167, 0.004
16, 100, 0, 16 -- 0.852, 0.0; 0.612, 0.001; 0.163, 0.004
16, 100, 1, 0 -- 0.522, 0.001; 0.523, 0.001; 0.02, 0.004
16, 100, 1, 4 -- 0.658, 0.001; 0.572, 0.001; 0.269, 0.005
16, 100, 1, 8 -- 0.696, 0.001; 0.585, 0.001; 0.317, 0.005
16, 100, 1, 12 -- 0.695, 0.001; 0.585, 0.001; 0.317, 0.005
16, 100, 1, 16 -- 0.695, 0.001; 0.585, 0.001; 0.317, 0.005
16, 200, 0, 4 -- 0.722, 0.0; 0.586, 0.0; 0.208, 0.003
16, 200, 0, 8 -- 0.856, 0.0; 0.625, 0.0; 0.205, 0.003
16, 200, 0, 12 -- 0.87, 0.0; 0.628, 0.0; 0.159, 0.003
16, 200, 0, 16 -- 0.871, 0.0; 0.628, 0.0; 0.158, 0.003
16, 200, 1, 0 -- 0.528, 0.0; 0.528, 0.0; 0.025, 0.003
16, 200, 1, 4 -- 0.674, 0.001; 0.584, 0.0; 0.26, 0.003
16, 200, 1, 8 -- 0.707, 0.001; 0.596, 0.0; 0.3, 0.003
16, 200, 1, 12 -- 0.707, 0.001; 0.596, 0.0; 0.297, 0.003
16, 200, 1, 16 -- 0.707, 0.001; 0.595, 0.0; 0.295, 0.003